1.0,0.0,0.0,1.0,0.0,0.0,1.0,1.0,1.0,1.0,0.0,0.0,4.0,0.0,0.0,1.0,0
1.0,0.0,0.0,1.0,0.0,0.0,0.0,1.0,1.0,1.0,0.0,0.0,4.0,1.0,0.0,1.0,0
0.0,0.0,1.0,0.0,0.0,1.0,1.0,1.0,1.0,1.0,0.0,1.0,0.0,0.0,0.0,1.0,1
1.0,0.0,0.0,1.0,0.0,0.0,1.0,1.0,1.0,1.0,0.0,0.0,4.0,0.0,0.0,1.0,0
1.0,0.0,0.0,1.0,0.0,0.0,1.0,1.0,1.0,1.0,0.0,0.0,4.0,1.0,0.0,1.0,0
1.0,0.0,0.0,1.0,0.0,0.0,0.0,1.0,1.0,1.0,0.0,0.0,4.0,1.0,0.0,1.0,0
1.0,0.0,0.0,1.0,0.0,0.0,0.0,1.0,1.0,1.0,0.0,0.0,4.0,1.0,1.0,1.0,0
0.0,0.0,1.0,0.0,0.0,1.0,0.0,1.0,1.0,0.0,0.0,1.0,0.0,1.0,1.0,0.0,0
0.8508349841610395,0.5396138983593342,0.09530961789251235,0.17608730461673516,0.3845011780801928,0.110811685791254,0.09688656335281087,0.6324452424467558,1.0,1.0,0.0,0.0,2.0,1.0,0.0,1.0,1
1.0,0.0,0.0,1.0,0.0,0.0,0.0,1.0,1.0,1.0,0.0,0.0,4.0,0.0,1.0,0.0,0
1.0,0.0,0.0,1.0,0.0,0.0,1.0,1.0,1.0,1.0,0.0,0.0,4.0,1.0,0.0,1.0,0
0.0,1.0,1.0,0.0,1.0,0.0,0.0,0.0,1.0,1.0,0.0,0.0,2.0,1.0,1.0,0.0,0
0.0,0.0,1.0,0.0,0.0,1.0,1.0,1.0,1.0,0.0,0.0,1.0,0.0,1.0,0.0,0.0,0
0.0,0.0,1.0,0.0,0.0,0.0,1.0,0.0,0.0,0.0,0.0,0.0,0.0,0.0,0.0,0.0,0
0.0,0.0,1.0,0.0,0.0,1.0,1.0,0.0,0.0,0.0,0.0,0.0,4.0,0.0,0.0,0.0,0
0.0,0.0,1.0,0.0,0.0,1.0,1.0,0.0,0.0,0.0,0.0,0.0,6.0,0.0,0.0,0.0,0
0.0,1.0,1.0,0.0,1.0,0.0,1.0,0.0,1.0,1.0,0.0,0.0,2.0,1.0,0.0,0.0,0
1.0,0.0,0.0,1.0,0.0,0.0,0.0,1.0,1.0,1.0,0.0,0.0,4.0,1.0,0.0,1.0,0
0.0,0.0,1.0,0.0,0.0,1.0,1.0,1.0,1.0,0.0,0.0,1.0,0.0,1.0,0.0,1.0,0
0.0,0.0,0.0,1.0,0.0,1.0,1.0,1.0,1.0,1.0,0.0,1.0,0.0,1.0,0.0,1.0,0
0.0,1.0,1.0,0.0,1.0,0.0,0.0,0.0,1.0,1.0,0.0,0.0,2.0,1.0,1.0,0.0,0
0.656327424397452,0.06888123616765995,0.34668278782446793,0.8457684017727412,0.6721778126049498,0.16187853740806613,0.567974346218977,0.1834657797588355,0.3417233963711719,0.17404116866753594,0.8621341075990773,0.891831496246613,0.6287179144925062,0.8243514001423344,0.7584493016865492,0.7082632578009601,1
1.0,0.0,0.0,1.0,0.0,0.0,0.0,1.0,1.0,1.0,0.0,0.0,4.0,1.0,0.0,1.0,0
0.0,1.0,1.0,0.0,1.0,0.0,0.0,0.0,1.0,1.0,0.0,0.0,2.0,1.0,0.0,1.0,0
0.0,0.0,1.0,0.0,0.0,0.0,0.0,0.0,0.0,1.0,0.0,0.0,6.0,0.0,0.0,0.0,0
0.0,0.0,1.0,0.0,0.0,1.0,1.0,1.0,1.0,1.0,0.0,0.0,4.0,0.0,0.0,0.0,0
0.0,0.0,1.0,0.0,0.0,1.0,1.0,1.0,1.0,1.0,1.0,0.0,4.0,0.0,0.0,0.0,0
0.0,0.0,1.0,0.0,0.0,1.0,1.0,1.0,1.0,1.0,0.0,0.0,2.0,1.0,0.0,0.0,1
1.0,0.0,0.0,1.0,0.0,0.0,0.0,1.0,1.0,1.0,0.0,0.0,4.0,1.0,0.0,1.0,0
1.0,0.0,0.0,1.0,0.0,0.0,1.0,1.0,1.0,1.0,0.0,0.0,2.0,0.0,1.0,1.0,0
0.0,0.0,1.0,0.0,1.0,0.0,0.0,0.0,0.0,1.0,0.0,0.0,6.0,0.0,0.0,0.0,0
1.0,0.0,0.0,1.0,0.0,0.0,0.0,1.0,1.0,1.0,0.0,0.0,4.0,1.0,1.0,1.0,0
1.0,0.0,0.0,1.0,0.0,0.0,0.0,1.0,1.0,1.0,0.0,0.0,2.0,0.0,0.0,1.0,0
0.0,1.0,1.0,0.0,1.0,1.0,1.0,0.0,1.0,1.0,0.0,0.0,2.0,1.0,0.0,0.0,0
0.0,0.0,1.0,0.0,0.0,1.0,0.0,1.0,1.0,0.0,0.0,1.0,0.0,1.0,0.0,0.0,0
1.0,0.0,0.0,1.0,0.0,0.0,0.0,1.0,1.0,1.0,0.0,0.0,4.0,1.0,1.0,0.0,0
0.3136657364889228,0.7245100961258883,0.6105068931453048,0.1912774139183534,0.7768975934549232,0.5986857214859651,0.43516564589743767,0.2572268438113221,0.02770324853879036,0.6960555450889483,0.16588894039016122,0.03241577230435111,0.3731454519088312,0.9567132330659183,0.8660082516401151,0.8656363682283316,1
0.0,1.0,1.0,0.0,1.0,0.0,1.0,0.0,1.0,1.0,0.0,0.0,2.0,1.0,0.0,0.0,0
0.0,0.0,1.0,0.0,0.0,1.0,1.0,1.0,1.0,0.0,0.0,1.0,0.0,1.0,0.0,0.0,0
1.0,0.0,1.0,0.0,1.0,0.0,0.0,0.0,0.0,1.0,1.0,0.0,6.0,0.0,1.0,0.0,0
1.0,0.0,1.0,0.0,1.0,0.0,0.0,0.0,0.0,1.0,0.0,0.0,6.0,0.0,0.0,0.0,0
0.0,1.0,1.0,0.0,0.0,0.0,1.0,0.0,1.0,1.0,0.0,0.0,2.0,1.0,0.0,0.0,0
0.0,0.0,1.0,0.0,1.0,0.0,1.0,0.0,0.0,1.0,0.0,0.0,6.0,0.0,0.0,0.0,0
0.0,1.0,1.0,0.0,1.0,0.0,0.0,0.0,1.0,1.0,0.0,0.0,2.0,1.0,0.0,0.0,0
1.0,0.0,0.0,1.0,0.0,0.0,1.0,1.0,1.0,1.0,0.0,0.0,4.0,1.0,0.0,1.0,0
1.0,0.0,0.0,1.0,0.0,0.0,1.0,1.0,1.0,1.0,0.0,0.0,4.0,1.0,0.0,1.0,0
0.0,0.0,1.0,0.0,0.0,1.0,1.0,0.0,0.0,0.0,0.0,0.0,6.0,0.0,0.0,0.0,0
1.0,0.0,0.0,1.0,0.0,0.0,1.0,1.0,1.0,1.0,0.0,0.0,4.0,1.0,0.0,1.0,0
0.4412800997582934,0.5072664590469084,0.32142018374185166,0.43446105911860866,0.6304634151772978,0.8801731898080413,0.5878337008686245,0.05217627749831766,0.04422786410384305,0.6838634405386778,0.2034410400836386,0.2708458445958376,0.3432683070962781,0.487644824057887,0.5974699308022651,0.5453505873693127,1
1.0,0.0,0.0,1.0,0.0,0.0,1.0,1.0,1.0,1.0,0.0,0.0,4.0,1.0,0.0,0.0,0
1.0,0.0,0.0,1.0,0.0,0.0,1.0,1.0,1.0,1.0,0.0,0.0,4.0,1.0,0.0,1.0,0
1.0,0.0,1.0,0.0,1.0,0.0,0.0,0.0,0.0,1.0,0.0,0.0,6.0,0.0,0.0,0.0,0
0.0,0.0,1.0,0.0,0.0,1.0,1.0,1.0,1.0,1.0,0.0,0.0,4.0,1.0,0.0,0.0,0
0.8499062008881662,0.20257862344659994,0.36476713245558234,0.07785731723432121,0.39217575513410063,0.8927499942499288,0.6995590782601362,0.6276880059184977,1.0,0.0,0.0,1.0,0.0,1.0,0.0,0.0,1
1.0,0.0,0.0,1.0,0.0,0.0,1.0,1.0,1.0,1.0,0.0,0.0,4.0,1.0,0.0,0.0,0
1.0,0.0,0.0,1.0,0.0,0.0,0.0,1.0,1.0,1.0,0.0,0.0,4.0,1.0,0.0,1.0,0
0.0,1.0,1.0,0.0,0.0,0.0,0.0,0.0,1.0,1.0,0.0,0.0,2.0,1.0,0.0,1.0,0
0.0,1.0,1.0,0.0,1.0,0.0,0.0,0.0,1.0,1.0,0.0,0.0,2.0,1.0,1.0,0.0,0
0.1556585438323822,0.6387703937539556,0.5534233676029028,0.42811531398876057,0.7667591616742335,0.051044663001410306,0.5981881668492701,0.10781160483853713,1.0,0.0,0.0,1.0,0.0,1.0,0.0,0.0,1
0.0,1.0,1.0,0.0,1.0,0.0,0.0,0.0,1.0,1.0,0.0,0.0,2.0,1.0,0.0,0.0,0
0.0,0.0,1.0,0.0,0.0,1.0,1.0,1.0,1.0,0.0,0.0,1.0,0.0,1.0,0.0,1.0,0
0.0,0.0,1.0,0.0,0.0,1.0,1.0,0.0,0.8263355131043539,0.11858794830694896,0.18221998586213106,0.7513009621967572,0.7652175464470453,0.9394021043103229,0.3488238687785976,0.49669343869032356,1
0.0,0.0,1.0,0.0,0.0,0.0,1.0,1.0,1.0,1.0,1.0,0.0,0.0,1.0,0.0,0.0,0
1.0,0.0,1.0,1.0,0.0,1.0,1.0,0.0,1.0,1.0,0.0,0.0,4.0,1.0,0.0,1.0,0
1.0,0.0,0.0,1.0,0.0,0.0,1.0,1.0,1.0,1.0,0.0,0.0,4.0,1.0,0.0,1.0,0
1.0,0.0,0.0,1.0,0.0,0.0,0.0,1.0,1.0,1.0,0.0,0.0,4.0,1.0,1.0,1.0,0
0.0,0.0,0.0,1.0,0.0,1.0,1.0,1.0,1.0,1.0,0.0,1.0,0.0,1.0,0.0,1.0,0
1.0,0.0,0.0,1.0,0.0,0.0,1.0,1.0,1.0,1.0,0.0,0.0,4.0,1.0,0.0,1.0,0
1.0,0.0,0.0,1.0,0.0,0.0,1.0,1.0,0.0,1.0,0.0,0.0,6.0,0.0,0.0,0.0,1
1.0,0.0,0.0,1.0,0.0,0.0,1.0,1.0,1.0,1.0,0.0,0.0,4.0,1.0,0.0,1.0,0
1.0,0.0,0.0,1.0,0.0,0.0,0.0,1.0,1.0,1.0,0.0,0.0,4.0,1.0,1.0,1.0,0
0.0,1.0,1.0,0.0,0.0,0.0,1.0,0.0,1.0,1.0,0.0,0.0,2.0,1.0,0.0,1.0,0
0.0,0.0,0.0,0.0,0.0,0.0,1.0,0.0,0.0,1.0,1.0,0.0,8.0,1.0,0.0,0.0,0
0.0,0.0,1.0,0.0,0.0,1.0,0.0,1.0,1.0,0.0,0.0,1.0,0.0,1.0,0.0,0.0,0
1.0,0.0,0.0,1.0,0.0,1.0,1.0,1.0,1.0,0.0,0.0,1.0,0.0,1.0,0.0,0.0,1
1.0,0.0,0.0,1.0,0.0,1.0,1.0,1.0,1.0,1.0,0.0,1.0,2.0,1.0,0.0,1.0,0
0.0,0.0,0.0,0.0,0.0,1.0,1.0,1.0,1.0,0.0,1.0,0.0,0.0,1.0,0.0,0.0,0
0.0,0.0,1.0,0.0,0.0,1.0,1.0,1.0,0.4711028813335746,0.05628144110805666,0.9417153951183797,0.8890287395822223,0.6561824234629205,0.5141303819621877,0.16280623369642755,0.8267387932883653,1
0.0,1.0,1.0,0.0,1.0,1.0,1.0,0.0,1.0,1.0,0.0,0.0,2.0,1.0,0.0,0.0,0
0.0,1.0,1.0,0.0,1.0,1.0,1.0,0.0,1.0,1.0,0.0,0.0,2.0,1.0,0.0,0.0,0
0.0,0.0,1.0,0.0,0.0,0.0,1.0,1.0,1.0,1.0,0.0,0.0,0.0,1.0,0.0,0.0,0
0.0,0.0,1.0,0.0,0.0,0.0,0.0,0.0,0.0,1.0,0.0,0.0,0.0,0.0,0.0,0.0,0
0.9452725952151112,0.399946626534198,0.4169383464228217,0.32512414542519397,0.19399991831835106,0.23296153878559578,0.4540958928291152,0.3296188208536812,0.0,0.0,0.0,0.0,8.0,0.0,0.0,1.0,1
0.0,1.0,1.0,0.0,1.0,0.0,0.0,0.0,1.0,1.0,0.0,0.0,2.0,1.0,0.0,0.0,0
1.0,0.0,0.0,1.0,0.0,0.0,0.0,1.0,1.0,1.0,0.0,0.0,2.0,1.0,0.0,0.0,0
0.0,0.0,1.0,0.0,0.0,1.0,1.0,0.0,0.0,0.0,0.0,0.0,5.0,0.0,0.0,0.0,0
0.0,0.0,1.0,0.0,0.0,1.0,1.0,1.0,1.0,0.0,1.0,1.0,0.0,1.0,0.0,1.0,0
0.0,1.0,1.0,0.0,1.0,1.0,0.0,0.0,1.0,1.0,0.0,0.0,2.0,1.0,0.0,1.0,0
0.0,0.0,1.0,0.0,0.0,0.0,0.0,0.0,1.0,1.0,0.0,0.0,4.0,1.0,1.0,1.0,1
0.0,0.0,1.0,0.0,0.0,1.0,0.0,1.0,1.0,1.0,0.0,0.0,4.0,0.0,0.0,0.0,0
0.11178207684176933,0.47272819160358515,0.16913416056765196,0.16725608470377507,0.2328245037435207,0.18149148181485852,0.19247537720173757,0.5112499155694826,0.3283779473019963,0.07052170285955417,0.5833892334280383,0.0847089094049498,0.2787215825589274,0.336097063273628,0.5785178846912529,0.5495637611207789,1
0.0,0.0,1.0,0.0,0.0,0.0,1.0,1.0,1.0,1.0,0.0,0.0,4.0,1.0,0.0,0.0,0
1.0,0.0,0.0,1.0,1.0,0.0,0.0,1.0,1.0,0.0,0.0,1.0,0.0,1.0,0.0,1.0,1
1.0,0.0,0.0,1.0,1.0,0.0,0.0,1.0,1.0,1.0,0.0,0.0,2.0,1.0,0.0,0.0,0
1.0,0.0,0.0,1.0,0.0,0.0,0.0,1.0,1.0,1.0,0.0,0.0,4.0,1.0,0.0,0.0,0
0.0,1.0,1.0,0.0,1.0,0.0,1.0,0.0,1.0,1.0,0.0,0.0,2.0,1.0,0.0,1.0,0
0.21938010089931959,0.3419841641737229,0.5537971300143562,0.6686314521072672,0.21075560191688059,0.4238124627139922,0.27859786548182897,0.22035497203754506,0.20504092378013272,0.11235024540873273,0.5804668274985207,0.1933764114789106,0.41432191060085455,0.7820833756267943,0.5385080975696588,0.7388169251696628,1
1.0,0.0,1.0,0.0,1.0,0.0,0.0,0.0,0.0,1.0,1.0,0.0,6.0,0.0,0.0,0.0,0
1.0,0.0,0.0,1.0,0.0,0.0,1.0,1.0,1.0,1.0,0.0,0.0,4.0,1.0,0.0,1.0,0
0.0,0.0,1.0,0.0,0.0,0.0,0.0,0.0,0.0,1.0,0.0,0.0,0.0,0.0,0.0,0.0,0
0.0,1.0,1.0,0.0,1.0,0.0,0.0,0.0,1.0,1.0,0.0,0.0,2.0,1.0,0.0,0.0,0
